0
1
2
3
4
5
6
7
8
9
10
11
12
13
40
41
42
43
170
171
172
173
174
175
176
177
59
60
61
62
63
240
241
242
160
161
162
163
164
165
166
167
112
113
114
115
116
117
118
119
120
121
122
123
124
125
126
127
128
226
84
205
206
207
208
209
148
149
150
151
152
153
154
155
156
157
158
159
160
161
162
163
164
165
166
167
112
113
114
115
116
117
118
119
120
121
122
123
124
125
126
127
128
226
84
205
206
207
208
209
148
149
150
151
152
153
154
155
156
157
158
159
160
161
162
163
164
165
166
167
112
113
114
115
116
117
118
119
120
121
122
123
124
125
126
127
128
226
84
205
206
207
208
209
148
149
150
151
152
153
154
155
156
157
158
159
160
161
162
163
164
165
166
167
112
113
114
115
116
117
118
119
120
121
122
123
124
125
126
127
128
226
84
205
206
207
208
209
148
149
150
151
152
153
154
155
156
157
158
159
160
161
162
163
164
165
166
167
112
113
114
115
116
117
118
119
120
121
122
123
124
125
126
127
128
226
84
205
206
207
208
209
148
149
150
151
152
153
154
155
156
157
158
159
160
161
