0
0
0
216
0
0
0
0
65476
4092
4092
61444
61444
0
0
0
0
216
0
61660
0
4093
2
2
2
2
0
141
2
0
0
0
0
1
61444
2
61444
65334
65334
4096
61446
61238
2
0
193
2
2
2
2
2
141
2
0
0
0
0
2
0
2
0
65334
65334
0
2
65334
61446
2
195
2
2
2
2
0
141
2
0
0
0
0
2
61444
2
61444
65334
65334
4096
61446
61238
2
2
195
2
2
2
2
2
141
2
0
0
0
0
2
0
2
0
65334
65334
0
2
65334
61446
2
195
2
2
2
2
0
141
2
0
0
0
0
2
61444
2
61444
65334
65334
4096
61446
61238
2
2
195
2
2
2
2
2
141
2
0
0
0
0
2
0
2
0
65334
65334
0
2
65334
61446
2
195
2
2
2
2
0
141
2
0
0
0
0
2
61444
2
61444
65334
65334
4096
61446
61238
2
2
195
2
2
2
2
2
141
2
0
0
0
0
2
0
2
0
65334
65334
0
2
65334
61446
2
195
2
2
2
2
0
141
2
0
0
0
0
2
61444
2
61444
65334
65334
4096
61446
61238
2
2
195
2
2
2
2
2
141
2
0
0
0
0
2
0
2
0
65334
65334
0
2
65334
61446
2
195
2
2
2
2
