0
0
0
0
0
0
0
0
0
68
2
138
65375
65375
65375
0
68
0
0
0
0
0
0
0
87
87
87
0
0
0
99
99
99
247
103
103
1088
223
1
1
1207
1207
120
2
65289
2
65400
2
112
112
65509
65509
412
65104
0
0
396
396
65005
65023
65023
63816
63816
226
64992
0
247
396
396
0
0
2
2
2
1
0
63818
1
2
0
56320
0
2
0
63686
0
394
12672
13066
162
139
139
2
4096
13066
8896
2
2
1
0
65334
8896
3
16
2
8704
51
12544
8192
11
16896
2
12544
16
51
8192
218
16896
65405
0
8265
8265
65405
65405
65405
1
1
2
0
0
65397
65397
52224
63312
0
0
52208
52208
63213
63213
63213
63213
63213
226
65012
0
8427
52208
49888
0
0
2
2
2
16
0
63215
1
32
0
32768
0
32
0
15647
0
52176
18368
5008
162
139
139
2
4096
5008
8896
2
2
1
0
65334
8896
3
16
2
640
51
18176
512
11
1152
2
18176
16
51
512
218
1152
65405
0
585
585
65405
65405
65405
1
1
2
0
0
65397
65397
52224
63312
0
0
52208
52208
63213
63213
63213
63213
63213
226
65012
0
747
52208
49888
0
0
2
2
2
1
0
63215
1
2
0
32768
0
2
0
15647
0
52206
18368
5038
162
139
139
2
4096
5038
8896
